epoch:0
node_dis_last:{}
idxs_users:[2 3 4 0 1]
epoch:0
node_dis_last:{}
idxs_users:[3 4 0 1 2]
distance:[0.97295731 1.53356528 1.45747459 2.71495008 1.56005692]
distance:[0.98998415 1.55072594 1.47390902 2.75399375 1.75080013]
distance:[ 4.01848555  5.29667807  5.65184212  7.70145416 10.01817513]
distance:[ 4.01915312  5.2980485   5.65351391  7.71826982 10.02245808]
distance:[14.66438675 17.4493866  18.06002808 22.21330261 37.38059616]
distance:[14.67396832 17.45688629 18.0682621  22.61979294 37.40647125]
distance:[16.83543205 20.30812645 20.9967804  28.94210815 42.07583618]
distance:[16.86914062 20.34158897 21.04815674 31.34151268 42.23828506]
node_num:3node_num:4node_num:0node_num:1node_num:2